{
  "tickers": [
    "005930.KS",
    "AAPL",
    "NVDA"
  ],
  "mean_daily_returns": {
    "005930.KS": 0.0006909164758363452,
    "AAPL": 0.0010547052766098153,
    "NVDA": 0.003704851952261601
  },
  "annualized_returns": {
    "005930.KS": 0.174110951910759,
    "AAPL": 0.26578572970567343,
    "NVDA": 0.9336226919699234
  },
  "annualized_volatility": {
    "005930.KS": 0.30374535452925866,
    "AAPL": 0.27962644011175936,
    "NVDA": 0.5048033662729895
  },
  "covariance": {
    "005930.KS": {
      "005930.KS": 0.0003669171625015812,
      "AAPL": 4.011122671597697e-05,
      "NVDA": 5.77414132236535e-05
    },
    "AAPL": {
      "005930.KS": 4.011122671597697e-05,
      "AAPL": 0.000310927951641913,
      "NVDA": 0.00020829119350022636
    },
    "NVDA": {
      "005930.KS": 5.77414132236535e-05,
      "AAPL": 0.00020829119350022636,
      "NVDA": 0.0010133227262471944
    }
  },
  "weights": [
    [
      0.0,
      0.0,
      1.0
    ],
    [
      0.0,
      0.01,
      0.99
    ],
    [
      0.0,
      0.02,
      0.98
    ],
    [
      0.0,
      0.03,
      0.97
    ],
    [
      0.0,
      0.04,
      0.96
    ],
    [
      0.0,
      0.05,
      0.95
    ],
    [
      0.0,
      0.06,
      0.94
    ],
    [
      0.0,
      0.07,
      0.9299999999999999
    ],
    [
      0.0,
      0.08,
      0.92
    ],
    [
      0.0,
      0.09,
      0.91
    ],
    [
      0.0,
      0.1,
      0.9
    ],
    [
      0.0,
      0.11,
      0.89
    ],
    [
      0.0,
      0.12,
      0.88
    ],
    [
      0.0,
      0.13,
      0.87
    ],
    [
      0.0,
      0.14,
      0.86
    ],
    [
      0.0,
      0.15,
      0.85
    ],
    [
      0.0,
      0.16,
      0.84
    ],
    [
      0.0,
      0.17,
      0.83
    ],
    [
      0.0,
      0.18,
      0.8200000000000001
    ],
    [
      0.0,
      0.19,
      0.81
    ],
    [
      0.0,
      0.2,
      0.8
    ],
    [
      0.0,
      0.21,
      0.79
    ],
    [
      0.0,
      0.22,
      0.78
    ],
    [
      0.0,
      0.23,
      0.77
    ],
    [
      0.0,
      0.24,
      0.76
    ],
    [
      0.0,
      0.25,
      0.75
    ],
    [
      0.0,
      0.26,
      0.74
    ],
    [
      0.0,
      0.27,
      0.73
    ],
    [
      0.0,
      0.28,
      0.72
    ],
    [
      0.0,
      0.29,
      0.71
    ],
    [
      0.0,
      0.3,
      0.7
    ],
    [
      0.0,
      0.31,
      0.69
    ],
    [
      0.0,
      0.32,
      0.6799999999999999
    ],
    [
      0.0,
      0.33,
      0.6699999999999999
    ],
    [
      0.0,
      0.34,
      0.6599999999999999
    ],
    [
      0.0,
      0.35000000000000003,
      0.6499999999999999
    ],
    [
      0.0,
      0.36,
      0.64
    ],
    [
      0.0,
      0.37,
      0.63
    ],
    [
      0.0,
      0.38,
      0.62
    ],
    [
      0.0,
      0.39,
      0.61
    ],
    [
      0.0,
      0.4,
      0.6
    ],
    [
      0.0,
      0.41000000000000003,
      0.59
    ],
    [
      0.0,
      0.42,
      0.5800000000000001
    ],
    [
      0.0,
      0.43,
      0.5700000000000001
    ],
    [
      0.0,
      0.44,
      0.56
    ],
    [
      0.0,
      0.45,
      0.55
    ],
    [
      0.0,
      0.46,
      0.54
    ],
    [
      0.0,
      0.47000000000000003,
      0.53
    ],
    [
      0.0,
      0.48,
      0.52
    ],
    [
      0.0,
      0.49,
      0.51
    ],
    [
      0.0,
      0.5,
      0.5
    ],
    [
      0.0,
      0.51,
      0.49
    ],
    [
      0.0,
      0.52,
      0.48
    ],
    [
      0.0,
      0.53,
      0.47
    ],
    [
      0.0,
      0.54,
      0.45999999999999996
    ],
    [
      0.0,
      0.55,
      0.44999999999999996
    ],
    [
      0.0,
      0.56,
      0.43999999999999995
    ],
    [
      0.0,
      0.5700000000000001,
      0.42999999999999994
    ],
    [
      0.0,
      0.58,
      0.42000000000000004
    ],
    [
      0.0,
      0.59,
      0.41000000000000003
    ],
    [
      0.0,
      0.6,
      0.4
    ],
    [
      0.0,
      0.61,
      0.39
    ],
    [
      0.0,
      0.62,
      0.38
    ],
    [
      0.0,
      0.63,
      0.37
    ],
    [
      0.0,
      0.64,
      0.36
    ],
    [
      0.0,
      0.65,
      0.35
    ],
    [
      0.0,
      0.66,
      0.33999999999999997
    ],
    [
      0.0,
      0.67,
      0.32999999999999996
    ],
    [
      0.0,
      0.68,
      0.31999999999999995
    ],
    [
      0.0,
      0.6900000000000001,
      0.30999999999999994
    ],
    [
      0.0,
      0.7000000000000001,
      0.29999999999999993
    ],
    [
      0.0,
      0.71,
      0.29000000000000004
    ],
    [
      0.0,
      0.72,
      0.28
    ],
    [
      0.0,
      0.73,
      0.27
    ],
    [
      0.0,
      0.74,
      0.26
    ],
    [
      0.0,
      0.75,
      0.25
    ],
    [
      0.0,
      0.76,
      0.24
    ],
    [
      0.0,
      0.77,
      0.22999999999999998
    ],
    [
      0.0,
      0.78,
      0.21999999999999997
    ],
    [
      0.0,
      0.79,
      0.20999999999999996
    ],
    [
      0.0,
      0.8,
      0.19999999999999996
    ],
    [
      0.0,
      0.81,
      0.18999999999999995
    ],
    [
      0.0,
      0.8200000000000001,
      0.17999999999999994
    ],
    [
      0.0,
      0.8300000000000001,
      0.16999999999999993
    ],
    [
      0.0,
      0.84,
      0.16000000000000003
    ],
    [
      0.0,
      0.85,
      0.15000000000000002
    ],
    [
      0.0,
      0.86,
      0.14
    ],
    [
      0.0,
      0.87,
      0.13
    ],
    [
      0.0,
      0.88,
      0.12
    ],
    [
      0.0,
      0.89,
      0.10999999999999999
    ],
    [
      0.0,
      0.9,
      0.09999999999999998
    ],
    [
      0.0,
      0.91,
      0.08999999999999997
    ],
    [
      0.0,
      0.92,
      0.07999999999999996
    ],
    [
      0.0,
      0.93,
      0.06999999999999995
    ],
    [
      0.0,
      0.9400000000000001,
      0.05999999999999994
    ],
    [
      0.0,
      0.9500000000000001,
      0.04999999999999993
    ],
    [
      0.0,
      0.96,
      0.040000000000000036
    ],
    [
      0.0,
      0.97,
      0.030000000000000027
    ],
    [
      0.0,
      0.98,
      0.020000000000000018
    ],
    [
      0.0,
      0.99,
      0.010000000000000009
    ],
    [
      0.0,
      1.0,
      0.0
    ],
    [
      0.01,
      0.0,
      0.99
    ],
    [
      0.01,
      0.01,
      0.98
    ],
    [
      0.01,
      0.02,
      0.97
    ],
    [
      0.01,
      0.03,
      0.96
    ],
    [
      0.01,
      0.04,
      0.95
    ],
    [
      0.01,
      0.05,
      0.94
    ],
    [
      0.010000000000000002,
      0.060000000000000005,
      0.93
    ],
    [
      0.010000000000000002,
      0.07000000000000002,
      0.92
    ],
    [
      0.01,
      0.08,
      0.91
    ],
    [
      0.01,
      0.09,
      0.9
    ],
    [
      0.01,
      0.1,
      0.89
    ],
    [
      0.01,
      0.11,
      0.88
    ],
    [
      0.01,
      0.12,
      0.87
    ],
    [
      0.01,
      0.13,
      0.86
    ],
    [
      0.01,
      0.14,
      0.85
    ],
    [
      0.01,
      0.15,
      0.84
    ],
    [
      0.01,
      0.16,
      0.83
    ],
    [
      0.01,
      0.17,
      0.82
    ],
    [
      0.01,
      0.18,
      0.81
    ],
    [
      0.01,
      0.19,
      0.8
    ],
    [
      0.01,
      0.2,
      0.79
    ],
    [
      0.01,
      0.21,
      0.78
    ],
    [
      0.01,
      0.22,
      0.77
    ],
    [
      0.01,
      0.23,
      0.76
    ],
    [
      0.01,
      0.24,
      0.75
    ],
    [
      0.01,
      0.25,
      0.74
    ],
    [
      0.01,
      0.26,
      0.73
    ],
    [
      0.01,
      0.27,
      0.72
    ],
    [
      0.01,
      0.28,
      0.71
    ],
    [
      0.01,
      0.29,
      0.7
    ],
    [
      0.01,
      0.3,
      0.69
    ],
    [
      0.01,
      0.31,
      0.6799999999999999
    ],
    [
      0.01,
      0.32,
      0.6699999999999999
    ],
    [
      0.01,
      0.33,
      0.6599999999999999
    ],
    [
      0.01,
      0.34,
      0.6499999999999999
    ],
    [
      0.01,
      0.35000000000000003,
      0.6399999999999999
    ],
    [
      0.01,
      0.36,
      0.63
    ],
    [
      0.01,
      0.37,
      0.62
    ],
    [
      0.01,
      0.38,
      0.61
    ],
    [
      0.01,
      0.39,
      0.6
    ],
    [
      0.01,
      0.4,
      0.59
    ],
    [
      0.01,
      0.41000000000000003,
      0.58
    ],
    [
      0.01,
      0.42,
      0.5700000000000001
    ],
    [
      0.01,
      0.43,
      0.56
    ],
    [
      0.01,
      0.44,
      0.55
    ],
    [
      0.01,
      0.45,
      0.54
    ],
    [
      0.01,
      0.46,
      0.53
    ],
    [
      0.01,
      0.47000000000000003,
      0.52
    ],
    [
      0.01,
      0.48,
      0.51
    ],
    [
      0.01,
      0.49,
      0.5
    ],
    [
      0.01,
      0.5,
      0.49
    ],
    [
      0.01,
      0.51,
      0.48
    ],
    [
      0.01,
      0.52,
      0.47
    ],
    [
      0.01,
      0.53,
      0.45999999999999996
    ],
    [
      0.01,
      0.54,
      0.44999999999999996
    ],
    [
      0.01,
      0.55,
      0.43999999999999995
    ],
    [
      0.01,
      0.56,
      0.42999999999999994
    ],
    [
      0.01,
      0.5700000000000001,
      0.41999999999999993
    ],
    [
      0.01,
      0.58,
      0.41000000000000003
    ],
    [
      0.01,
      0.59,
      0.4
    ],
    [
      0.01,
      0.6,
      0.39
    ],
    [
      0.01,
      0.61,
      0.38
    ],
    [
      0.01,
      0.62,
      0.37
    ],
    [
      0.01,
      0.63,
      0.36
    ],
    [
      0.01,
      0.64,
      0.35
    ],
    [
      0.01,
      0.65,
      0.33999999999999997
    ],
    [
      0.01,
      0.66,
      0.32999999999999996
    ],
    [
      0.01,
      0.67,
      0.31999999999999995
    ],
    [
      0.01,
      0.68,
      0.30999999999999994
    ],
    [
      0.01,
      0.6900000000000001,
      0.29999999999999993
    ],
    [
      0.01,
      0.7000000000000001,
      0.2899999999999999
    ],
    [
      0.01,
      0.71,
      0.28
    ],
    [
      0.01,
      0.72,
      0.27
    ],
    [
      0.01,
      0.73,
      0.26
    ],
    [
      0.01,
      0.74,
      0.25
    ],
    [
      0.01,
      0.75,
      0.24
    ],
    [
      0.01,
      0.76,
      0.22999999999999998
    ],
    [
      0.01,
      0.77,
      0.21999999999999997
    ],
    [
      0.01,
      0.78,
      0.20999999999999996
    ],
    [
      0.01,
      0.79,
      0.19999999999999996
    ],
    [
      0.01,
      0.8,
      0.18999999999999995
    ],
    [
      0.01,
      0.81,
      0.17999999999999994
    ],
    [
      0.01,
      0.8200000000000001,
      0.16999999999999993
    ],
    [
      0.01,
      0.8300000000000001,
      0.15999999999999992
    ],
    [
      0.01,
      0.84,
      0.15000000000000002
    ],
    [
      0.01,
      0.85,
      0.14
    ],
    [
      0.01,
      0.86,
      0.13
    ],
    [
      0.01,
      0.87,
      0.12
    ],
    [
      0.01,
      0.88,
      0.10999999999999999
    ],
    [
      0.01,
      0.89,
      0.09999999999999998
    ],
    [
      0.01,
      0.9,
      0.08999999999999997
    ],
    [
      0.01,
      0.91,
      0.07999999999999996
    ],
    [
      0.01,
      0.92,
      0.06999999999999995
    ],
    [
      0.01,
      0.93,
      0.05999999999999994
    ],
    [
      0.01,
      0.9400000000000001,
      0.04999999999999993
    ],
    [
      0.01,
      0.9500000000000001,
      0.039999999999999925
    ],
    [
      0.01,
      0.96,
      0.030000000000000027
    ],
    [
      0.01,
      0.97,
      0.020000000000000018
    ],
    [
      0.01,
      0.98,
      0.010000000000000009
    ],
    [
      0.01,
      0.99,
      0.0
    ],
    [
      0.02,
      0.0,
      0.98
    ],
    [
      0.02,
      0.01,
      0.97
    ],
    [
      0.02,
      0.02,
      0.96
    ],
    [
      0.02,
      0.03,
      0.95
    ],
    [
      0.02,
      0.04,
      0.94
    ],
    [
      0.02,
      0.05,
      0.9299999999999999
    ],
    [
      0.020000000000000004,
      0.060000000000000005,
      0.92
    ],
    [
      0.020000000000000004,
      0.07000000000000002,
      0.91
    ],
    [
      0.02,
      0.08,
      0.9
    ],
    [
      0.02,
      0.09,
      0.89
    ],
    [
      0.02,
      0.1,
      0.88
    ],
    [
      0.02,
      0.11,
      0.87
    ],
    [
      0.02,
      0.12,
      0.86
    ],
    [
      0.02,
      0.13,
      0.85
    ],
    [
      0.02,
      0.14,
      0.84
    ],
    [
      0.02,
      0.15,
      0.83
    ],
    [
      0.02,
      0.16,
      0.82
    ],
    [
      0.02,
      0.17,
      0.8099999999999999
    ],
    [
      0.02,
      0.18,
      0.8
    ],
    [
      0.02,
      0.19,
      0.79
    ],
    [
      0.02,
      0.2,
      0.78
    ],
    [
      0.02,
      0.21,
      0.77
    ],
    [
      0.02,
      0.22,
      0.76
    ],
    [
      0.02,
      0.23,
      0.75
    ],
    [
      0.02,
      0.24,
      0.74
    ],
    [
      0.02,
      0.25,
      0.73
    ],
    [
      0.02,
      0.26,
      0.72
    ],
    [
      0.02,
      0.27,
      0.71
    ],
    [
      0.02,
      0.28,
      0.7
    ],
    [
      0.02,
      0.29,
      0.69
    ],
    [
      0.02,
      0.3,
      0.6799999999999999
    ],
    [
      0.02,
      0.31,
      0.6699999999999999
    ],
    [
      0.02,
      0.32,
      0.6599999999999999
    ],
    [
      0.02,
      0.33,
      0.6499999999999999
    ],
    [
      0.02,
      0.34,
      0.6399999999999999
    ],
    [
      0.02,
      0.35000000000000003,
      0.6299999999999999
    ],
    [
      0.02,
      0.36,
      0.62
    ],
    [
      0.02,
      0.37,
      0.61
    ],
    [
      0.02,
      0.38,
      0.6
    ],
    [
      0.02,
      0.39,
      0.59
    ],
    [
      0.02,
      0.4,
      0.58
    ],
    [
      0.02,
      0.41000000000000003,
      0.57
    ],
    [
      0.02,
      0.42,
      0.56
    ],
    [
      0.02,
      0.43,
      0.55
    ],
    [
      0.02,
      0.44,
      0.54
    ],
    [
      0.02,
      0.45,
      0.53
    ],
    [
      0.02,
      0.46,
      0.52
    ],
    [
      0.02,
      0.47000000000000003,
      0.51
    ],
    [
      0.02,
      0.48,
      0.5
    ],
    [
      0.02,
      0.49,
      0.49
    ],
    [
      0.02,
      0.5,
      0.48
    ],
    [
      0.02,
      0.51,
      0.47
    ],
    [
      0.02,
      0.52,
      0.45999999999999996
    ],
    [
      0.02,
      0.53,
      0.44999999999999996
    ],
    [
      0.02,
      0.54,
      0.43999999999999995
    ],
    [
      0.02,
      0.55,
      0.42999999999999994
    ],
    [
      0.02,
      0.56,
      0.41999999999999993
    ],
    [
      0.02,
      0.5700000000000001,
      0.4099999999999999
    ],
    [
      0.02,
      0.58,
      0.4
    ],
    [
      0.02,
      0.59,
      0.39
    ],
    [
      0.02,
      0.6,
      0.38
    ],
    [
      0.02,
      0.61,
      0.37
    ],
    [
      0.02,
      0.62,
      0.36
    ],
    [
      0.02,
      0.63,
      0.35
    ],
    [
      0.02,
      0.64,
      0.33999999999999997
    ],
    [
      0.02,
      0.65,
      0.32999999999999996
    ],
    [
      0.02,
      0.66,
      0.31999999999999995
    ],
    [
      0.02,
      0.67,
      0.30999999999999994
    ],
    [
      0.02,
      0.68,
      0.29999999999999993
    ],
    [
      0.02,
      0.6900000000000001,
      0.2899999999999999
    ],
    [
      0.02,
      0.7000000000000001,
      0.2799999999999999
    ],
    [
      0.02,
      0.71,
      0.27
    ],
    [
      0.02,
      0.72,
      0.26
    ],
    [
      0.02,
      0.73,
      0.25
    ],
    [
      0.02,
      0.74,
      0.24
    ],
    [
      0.02,
      0.75,
      0.22999999999999998
    ],
    [
      0.02,
      0.76,
      0.21999999999999997
    ],
    [
      0.02,
      0.77,
      0.20999999999999996
    ],
    [
      0.02,
      0.78,
      0.19999999999999996
    ],
    [
      0.02,
      0.79,
      0.18999999999999995
    ],
    [
      0.02,
      0.8,
      0.17999999999999994
    ],
    [
      0.02,
      0.81,
      0.16999999999999993
    ],
    [
      0.02,
      0.8200000000000001,
      0.15999999999999992
    ],
    [
      0.02,
      0.8300000000000001,
      0.1499999999999999
    ],
    [
      0.02,
      0.84,
      0.14
    ],
    [
      0.02,
      0.85,
      0.13
    ],
    [
      0.02,
      0.86,
      0.12
    ],
    [
      0.02,
      0.87,
      0.10999999999999999
    ],
    [
      0.02,
      0.88,
      0.09999999999999998
    ],
    [
      0.02,
      0.89,
      0.08999999999999997
    ],
    [
      0.02,
      0.9,
      0.07999999999999996
    ],
    [
      0.02,
      0.91,
      0.06999999999999995
    ],
    [
      0.02,
      0.92,
      0.05999999999999994
    ],
    [
      0.02,
      0.93,
      0.04999999999999993
    ],
    [
      0.02,
      0.9400000000000001,
      0.039999999999999925
    ],
    [
      0.02,
      0.9500000000000001,
      0.029999999999999916
    ],
    [
      0.02,
      0.96,
      0.020000000000000018
    ],
    [
      0.02,
      0.97,
      0.010000000000000009
    ],
    [
      0.02,
      0.98,
      0.0
    ],
    [
      0.03,
      0.0,
      0.97
    ],
    [
      0.03,
      0.01,
      0.96
    ],
    [
      0.03,
      0.02,
      0.95
    ],
    [
      0.03,
      0.03,
      0.94
    ],
    [
      0.03,
      0.04,
      0.9299999999999999
    ],
    [
      0.030000000000000002,
      0.05000000000000001,
      0.92
    ],
    [
      0.030000000000000002,
      0.060000000000000005,
      0.91
    ],
    [
      0.030000000000000002,
      0.07000000000000002,
      0.9
    ],
    [
      0.03,
      0.08,
      0.89
    ],
    [
      0.03,
      0.09,
      0.88
    ],
    [
      0.03,
      0.1,
      0.87
    ],
    [
      0.03,
      0.11,
      0.86
    ],
    [
      0.03,
      0.12,
      0.85
    ],
    [
      0.03,
      0.13,
      0.84
    ],
    [
      0.03,
      0.14,
      0.83
    ],
    [
      0.03,
      0.15,
      0.82
    ],
    [
      0.03,
      0.16,
      0.8099999999999999
    ],
    [
      0.03,
      0.17,
      0.7999999999999999
    ],
    [
      0.03,
      0.18,
      0.79
    ],
    [
      0.03,
      0.19,
      0.78
    ],
    [
      0.03,
      0.2,
      0.77
    ],
    [
      0.03,
      0.21,
      0.76
    ],
    [
      0.03,
      0.22,
      0.75
    ],
    [
      0.03,
      0.23,
      0.74
    ],
    [
      0.03,
      0.24,
      0.73
    ],
    [
      0.03,
      0.25,
      0.72
    ],
    [
      0.03,
      0.26,
      0.71
    ],
    [
      0.03,
      0.27,
      0.7
    ],
    [
      0.03,
      0.28,
      0.69
    ],
    [
      0.030000000000000002,
      0.29000000000000004,
      0.68
    ],
    [
      0.030000000000000002,
      0.30000000000000004,
      0.67
    ],
    [
      0.030000000000000002,
      0.31000000000000005,
      0.66
    ],
    [
      0.030000000000000002,
      0.32000000000000006,
      0.65
    ],
    [
      0.030000000000000002,
      0.33000000000000007,
      0.64
    ],
    [
      0.030000000000000002,
      0.3400000000000001,
      0.63
    ],
    [
      0.030000000000000002,
      0.3500000000000001,
      0.62
    ],
    [
      0.03,
      0.36,
      0.61
    ],
    [
      0.03,
      0.37,
      0.6
    ],
    [
      0.03,
      0.38,
      0.59
    ],
    [
      0.03,
      0.39,
      0.58
    ],
    [
      0.03,
      0.4,
      0.57
    ],
    [
      0.03,
      0.41000000000000003,
      0.5599999999999999
    ],
    [
      0.03,
      0.42,
      0.55
    ],
    [
      0.03,
      0.43,
      0.54
    ],
    [
      0.03,
      0.44,
      0.53
    ],
    [
      0.03,
      0.45,
      0.52
    ],
    [
      0.03,
      0.46,
      0.51
    ],
    [
      0.03,
      0.47000000000000003,
      0.49999999999999994
    ],
    [
      0.03,
      0.48,
      0.49
    ],
    [
      0.03,
      0.49,
      0.48
    ],
    [
      0.03,
      0.5,
      0.47
    ],
    [
      0.03,
      0.51,
      0.45999999999999996
    ],
    [
      0.03,
      0.52,
      0.44999999999999996
    ],
    [
      0.03,
      0.53,
      0.43999999999999995
    ],
    [
      0.03,
      0.54,
      0.42999999999999994
    ],
    [
      0.03,
      0.55,
      0.41999999999999993
    ],
    [
      0.03,
      0.56,
      0.4099999999999999
    ],
    [
      0.03,
      0.5700000000000001,
      0.3999999999999999
    ],
    [
      0.03,
      0.58,
      0.39
    ],
    [
      0.03,
      0.59,
      0.38
    ],
    [
      0.03,
      0.6,
      0.37
    ],
    [
      0.03,
      0.61,
      0.36
    ],
    [
      0.03,
      0.62,
      0.35
    ],
    [
      0.03,
      0.63,
      0.33999999999999997
    ],
    [
      0.03,
      0.64,
      0.32999999999999996
    ],
    [
      0.03,
      0.65,
      0.31999999999999995
    ],
    [
      0.03,
      0.66,
      0.30999999999999994
    ],
    [
      0.03,
      0.67,
      0.29999999999999993
    ],
    [
      0.03,
      0.68,
      0.2899999999999999
    ],
    [
      0.03,
      0.6900000000000001,
      0.2799999999999999
    ],
    [
      0.03,
      0.7000000000000001,
      0.2699999999999999
    ],
    [
      0.03,
      0.71,
      0.26
    ],
    [
      0.03,
      0.72,
      0.25
    ],
    [
      0.03,
      0.73,
      0.24
    ],
    [
      0.03,
      0.74,
      0.22999999999999998
    ],
    [
      0.03,
      0.75,
      0.21999999999999997
    ],
    [
      0.03,
      0.76,
      0.20999999999999996
    ],
    [
      0.03,
      0.77,
      0.19999999999999996
    ],
    [
      0.03,
      0.78,
      0.18999999999999995
    ],
    [
      0.03,
      0.79,
      0.17999999999999994
    ],
    [
      0.03,
      0.8,
      0.16999999999999993
    ],
    [
      0.03,
      0.81,
      0.15999999999999992
    ],
    [
      0.03,
      0.8200000000000001,
      0.1499999999999999
    ],
    [
      0.03,
      0.8300000000000001,
      0.1399999999999999
    ],
    [
      0.03,
      0.84,
      0.13
    ],
    [
      0.03,
      0.85,
      0.12
    ],
    [
      0.03,
      0.86,
      0.10999999999999999
    ],
    [
      0.03,
      0.87,
      0.09999999999999998
    ],
    [
      0.03,
      0.88,
      0.08999999999999997
    ],
    [
      0.03,
      0.89,
      0.07999999999999996
    ],
    [
      0.03,
      0.9,
      0.06999999999999995
    ],
    [
      0.03,
      0.91,
      0.05999999999999994
    ],
    [
      0.03,
      0.92,
      0.04999999999999993
    ],
    [
      0.03,
      0.93,
      0.039999999999999925
    ],
    [
      0.03,
      0.9400000000000001,
      0.029999999999999916
    ],
    [
      0.03,
      0.9500000000000001,
      0.019999999999999907
    ],
    [
      0.03,
      0.96,
      0.010000000000000009
    ],
    [
      0.03,
      0.97,
      0.0
    ],
    [
      0.04,
      0.0,
      0.96
    ],
    [
      0.04,
      0.01,
      0.95
    ],
    [
      0.04,
      0.02,
      0.94
    ],
    [
      0.04,
      0.03,
      0.9299999999999999
    ],
    [
      0.04000000000000001,
      0.04000000000000001,
      0.92
    ],
    [
      0.04000000000000001,
      0.05000000000000001,
      0.91
    ],
    [
      0.04000000000000001,
      0.060000000000000005,
      0.9
    ],
    [
      0.04000000000000001,
      0.07000000000000002,
      0.89
    ],
    [
      0.04,
      0.08,
      0.88
    ],
    [
      0.04,
      0.09,
      0.87
    ],
    [
      0.04,
      0.1,
      0.86
    ],
    [
      0.04,
      0.11,
      0.85
    ],
    [
      0.04,
      0.12,
      0.84
    ],
    [
      0.04,
      0.13,
      0.83
    ],
    [
      0.04,
      0.14,
      0.82
    ],
    [
      0.04,
      0.15,
      0.8099999999999999
    ],
    [
      0.04,
      0.16,
      0.7999999999999999
    ],
    [
      0.04,
      0.17,
      0.7899999999999999
    ],
    [
      0.04,
      0.18,
      0.78
    ],
    [
      0.04,
      0.19,
      0.77
    ],
    [
      0.04,
      0.2,
      0.76
    ],
    [
      0.04,
      0.21,
      0.75
    ],
    [
      0.04,
      0.22,
      0.74
    ],
    [
      0.04,
      0.23,
      0.73
    ],
    [
      0.04,
      0.24,
      0.72
    ],
    [
      0.04,
      0.25,
      0.71
    ],
    [
      0.04,
      0.26,
      0.7
    ],
    [
      0.04,
      0.27,
      0.69
    ],
    [
      0.04,
      0.28,
      0.6799999999999999
    ],
    [
      0.04000000000000001,
      0.29000000000000004,
      0.67
    ],
    [
      0.04000000000000001,
      0.30000000000000004,
      0.66
    ],
    [
      0.04000000000000001,
      0.31000000000000005,
      0.65
    ],
    [
      0.04000000000000001,
      0.32000000000000006,
      0.64
    ],
    [
      0.04000000000000001,
      0.33000000000000007,
      0.63
    ],
    [
      0.04000000000000001,
      0.3400000000000001,
      0.62
    ],
    [
      0.04000000000000001,
      0.3500000000000001,
      0.61
    ],
    [
      0.04,
      0.36,
      0.6
    ],
    [
      0.04,
      0.37,
      0.59
    ],
    [
      0.04,
      0.38,
      0.58
    ],
    [
      0.04,
      0.39,
      0.57
    ],
    [
      0.04,
      0.4,
      0.5599999999999999
    ],
    [
      0.04,
      0.41000000000000003,
      0.5499999999999999
    ],
    [
      0.04,
      0.42,
      0.54
    ],
    [
      0.04,
      0.43,
      0.53
    ],
    [
      0.04,
      0.44,
      0.52
    ],
    [
      0.04,
      0.45,
      0.51
    ],
    [
      0.04,
      0.46,
      0.49999999999999994
    ],
    [
      0.04,
      0.47000000000000003,
      0.48999999999999994
    ],
    [
      0.04,
      0.48,
      0.48
    ],
    [
      0.04,
      0.49,
      0.47
    ],
    [
      0.04,
      0.5,
      0.45999999999999996
    ],
    [
      0.04,
      0.51,
      0.44999999999999996
    ],
    [
      0.04,
      0.52,
      0.43999999999999995
    ],
    [
      0.04,
      0.53,
      0.42999999999999994
    ],
    [
      0.04,
      0.54,
      0.41999999999999993
    ],
    [
      0.04,
      0.55,
      0.4099999999999999
    ],
    [
      0.04,
      0.56,
      0.3999999999999999
    ],
    [
      0.04,
      0.5700000000000001,
      0.3899999999999999
    ],
    [
      0.04,
      0.58,
      0.38
    ],
    [
      0.04,
      0.59,
      0.37
    ],
    [
      0.04,
      0.6,
      0.36
    ],
    [
      0.04,
      0.61,
      0.35
    ],
    [
      0.04,
      0.62,
      0.33999999999999997
    ],
    [
      0.04,
      0.63,
      0.32999999999999996
    ],
    [
      0.04,
      0.64,
      0.31999999999999995
    ],
    [
      0.04,
      0.65,
      0.30999999999999994
    ],
    [
      0.04,
      0.66,
      0.29999999999999993
    ],
    [
      0.04,
      0.67,
      0.2899999999999999
    ],
    [
      0.04,
      0.68,
      0.2799999999999999
    ],
    [
      0.04,
      0.6900000000000001,
      0.2699999999999999
    ],
    [
      0.04,
      0.7000000000000001,
      0.2599999999999999
    ],
    [
      0.04,
      0.71,
      0.25
    ],
    [
      0.04,
      0.72,
      0.24
    ],
    [
      0.04,
      0.73,
      0.22999999999999998
    ],
    [
      0.04,
      0.74,
      0.21999999999999997
    ],
    [
      0.04,
      0.75,
      0.20999999999999996
    ],
    [
      0.04,
      0.76,
      0.19999999999999996
    ],
    [
      0.04,
      0.77,
      0.18999999999999995
    ],
    [
      0.04,
      0.78,
      0.17999999999999994
    ],
    [
      0.04,
      0.79,
      0.16999999999999993
    ],
    [
      0.04,
      0.8,
      0.15999999999999992
    ],
    [
      0.04,
      0.81,
      0.1499999999999999
    ],
    [
      0.04,
      0.8200000000000001,
      0.1399999999999999
    ],
    [
      0.04,
      0.8300000000000001,
      0.1299999999999999
    ],
    [
      0.04,
      0.84,
      0.12
    ],
    [
      0.04,
      0.85,
      0.10999999999999999
    ],
    [
      0.04,
      0.86,
      0.09999999999999998
    ],
    [
      0.04,
      0.87,
      0.08999999999999997
    ],
    [
      0.04,
      0.88,
      0.07999999999999996
    ],
    [
      0.04,
      0.89,
      0.06999999999999995
    ],
    [
      0.04,
      0.9,
      0.05999999999999994
    ],
    [
      0.04,
      0.91,
      0.04999999999999993
    ],
    [
      0.04,
      0.92,
      0.039999999999999925
    ],
    [
      0.04,
      0.93,
      0.029999999999999916
    ],
    [
      0.04,
      0.9400000000000001,
      0.019999999999999907
    ],
    [
      0.04,
      0.9500000000000001,
      0.009999999999999898
    ],
    [
      0.04,
      0.96,
      0.0
    ],
    [
      0.05,
      0.0,
      0.95
    ],
    [
      0.05,
      0.01,
      0.94
    ],
    [
      0.05,
      0.02,
      0.9299999999999999
    ],
    [
      0.05000000000000001,
      0.030000000000000002,
      0.92
    ],
    [
      0.05000000000000001,
      0.04000000000000001,
      0.91
    ],
    [
      0.05000000000000001,
      0.05000000000000001,
      0.9
    ],
    [
      0.05000000000000001,
      0.060000000000000005,
      0.89
    ],
    [
      0.05000000000000001,
      0.07000000000000002,
      0.88
    ],
    [
      0.05,
      0.08,
      0.87
    ],
    [
      0.05,
      0.09,
      0.86
    ],
    [
      0.05,
      0.1,
      0.85
    ],
    [
      0.05,
      0.11,
      0.84
    ],
    [
      0.05,
      0.12,
      0.83
    ],
    [
      0.05,
      0.13,
      0.82
    ],
    [
      0.05,
      0.14,
      0.8099999999999999
    ],
    [
      0.05,
      0.15,
      0.7999999999999999
    ],
    [
      0.05,
      0.16,
      0.7899999999999999
    ],
    [
      0.05,
      0.17,
      0.7799999999999999
    ],
    [
      0.05,
      0.18,
      0.77
    ],
    [
      0.05,
      0.19,
      0.76
    ],
    [
      0.05,
      0.2,
      0.75
    ],
    [
      0.05,
      0.21,
      0.74
    ],
    [
      0.05,
      0.22,
      0.73
    ],
    [
      0.05,
      0.23,
      0.72
    ],
    [
      0.05,
      0.24,
      0.71
    ],
    [
      0.05,
      0.25,
      0.7
    ],
    [
      0.05,
      0.26,
      0.69
    ],
    [
      0.05,
      0.27,
      0.6799999999999999
    ],
    [
      0.05,
      0.28,
      0.6699999999999999
    ],
    [
      0.05000000000000001,
      0.29000000000000004,
      0.66
    ],
    [
      0.05000000000000001,
      0.30000000000000004,
      0.65
    ],
    [
      0.05000000000000001,
      0.31000000000000005,
      0.64
    ],
    [
      0.05000000000000001,
      0.32000000000000006,
      0.63
    ],
    [
      0.05000000000000001,
      0.33000000000000007,
      0.62
    ],
    [
      0.05000000000000001,
      0.3400000000000001,
      0.61
    ],
    [
      0.05000000000000001,
      0.3500000000000001,
      0.6
    ],
    [
      0.05,
      0.36,
      0.59
    ],
    [
      0.05,
      0.37,
      0.58
    ],
    [
      0.05,
      0.38,
      0.57
    ],
    [
      0.05,
      0.39,
      0.5599999999999999
    ],
    [
      0.05,
      0.4,
      0.5499999999999999
    ],
    [
      0.05,
      0.41000000000000003,
      0.5399999999999999
    ],
    [
      0.05,
      0.42,
      0.53
    ],
    [
      0.05,
      0.43,
      0.52
    ],
    [
      0.05,
      0.44,
      0.51
    ],
    [
      0.05,
      0.45,
      0.49999999999999994
    ],
    [
      0.05,
      0.46,
      0.48999999999999994
    ],
    [
      0.05,
      0.47000000000000003,
      0.4799999999999999
    ],
    [
      0.05,
      0.48,
      0.47
    ],
    [
      0.05,
      0.49,
      0.45999999999999996
    ],
    [
      0.05,
      0.5,
      0.44999999999999996
    ],
    [
      0.05,
      0.51,
      0.43999999999999995
    ],
    [
      0.05,
      0.52,
      0.42999999999999994
    ],
    [
      0.05,
      0.53,
      0.41999999999999993
    ],
    [
      0.05,
      0.54,
      0.4099999999999999
    ],
    [
      0.05,
      0.55,
      0.3999999999999999
    ],
    [
      0.05,
      0.56,
      0.3899999999999999
    ],
    [
      0.05,
      0.5700000000000001,
      0.3799999999999999
    ],
    [
      0.05,
      0.58,
      0.37
    ],
    [
      0.05,
      0.59,
      0.36
    ],
    [
      0.05,
      0.6,
      0.35
    ],
    [
      0.05,
      0.61,
      0.33999999999999997
    ],
    [
      0.05,
      0.62,
      0.32999999999999996
    ],
    [
      0.05,
      0.63,
      0.31999999999999995
    ],
    [
      0.05,
      0.64,
      0.30999999999999994
    ],
    [
      0.05,
      0.65,
      0.29999999999999993
    ],
    [
      0.05,
      0.66,
      0.2899999999999999
    ],
    [
      0.05,
      0.67,
      0.2799999999999999
    ],
    [
      0.05,
      0.68,
      0.2699999999999999
    ],
    [
      0.05,
      0.6900000000000001,
      0.2599999999999999
    ],
    [
      0.05,
      0.7000000000000001,
      0.2499999999999999
    ],
    [
      0.05,
      0.71,
      0.24
    ],
    [
      0.05,
      0.72,
      0.22999999999999998
    ],
    [
      0.05,
      0.73,
      0.21999999999999997
    ],
    [
      0.05,
      0.74,
      0.20999999999999996
    ],
    [
      0.05,
      0.75,
      0.19999999999999996
    ],
    [
      0.05,
      0.76,
      0.18999999999999995
    ],
    [
      0.05,
      0.77,
      0.17999999999999994
    ],
    [
      0.05,
      0.78,
      0.16999999999999993
    ],
    [
      0.05,
      0.79,
      0.15999999999999992
    ],
    [
      0.05,
      0.8,
      0.1499999999999999
    ],
    [
      0.05,
      0.81,
      0.1399999999999999
    ],
    [
      0.05,
      0.8200000000000001,
      0.1299999999999999
    ],
    [
      0.05,
      0.8300000000000001,
      0.11999999999999988
    ],
    [
      0.05,
      0.84,
      0.10999999999999999
    ],
    [
      0.05,
      0.85,
      0.09999999999999998
    ],
    [
      0.05,
      0.86,
      0.08999999999999997
    ],
    [
      0.05,
      0.87,
      0.07999999999999996
    ],
    [
      0.05,
      0.88,
      0.06999999999999995
    ],
    [
      0.05,
      0.89,
      0.05999999999999994
    ],
    [
      0.05,
      0.9,
      0.04999999999999993
    ],
    [
      0.05,
      0.91,
      0.039999999999999925
    ],
    [
      0.05,
      0.92,
      0.029999999999999916
    ],
    [
      0.05,
      0.93,
      0.019999999999999907
    ],
    [
      0.05,
      0.9400000000000001,
      0.009999999999999898
    ],
    [
      0.05,
      0.9500000000000001,
      0.0
    ],
    [
      0.06,
      0.0,
      0.94
    ],
    [
      0.060000000000000005,
      0.010000000000000002,
      0.93
    ],
    [
      0.060000000000000005,
      0.020000000000000004,
      0.92
    ],
    [
      0.060000000000000005,
      0.030000000000000002,
      0.91
    ],
    [
      0.060000000000000005,
      0.04000000000000001,
      0.9
    ],
    [
      0.060000000000000005,
      0.05000000000000001,
      0.89
    ],
    [
      0.060000000000000005,
      0.060000000000000005,
      0.88
    ],
    [
      0.060000000000000005,
      0.07000000000000002,
      0.87
    ],
    [
      0.06,
      0.08,
      0.86
    ],
    [
      0.06,
      0.09,
      0.85
    ],
    [
      0.06,
      0.1,
      0.84
    ],
    [
      0.06,
      0.11,
      0.83
    ],
    [
      0.06,
      0.12,
      0.82
    ],
    [
      0.06,
      0.13,
      0.8099999999999999
    ],
    [
      0.06,
      0.14,
      0.7999999999999999
    ],
    [
      0.060000000000000005,
      0.15000000000000002,
      0.79
    ],
    [
      0.060000000000000005,
      0.16000000000000003,
      0.78
    ],
    [
      0.060000000000000005,
      0.17000000000000004,
      0.77
    ],
    [
      0.06,
      0.18,
      0.76
    ],
    [
      0.06,
      0.19,
      0.75
    ],
    [
      0.06,
      0.2,
      0.74
    ],
    [
      0.06,
      0.21,
      0.73
    ],
    [
      0.06,
      0.22,
      0.72
    ],
    [
      0.06,
      0.23,
      0.71
    ],
    [
      0.06,
      0.24,
      0.7
    ],
    [
      0.06,
      0.25,
      0.69
    ],
    [
      0.06,
      0.26,
      0.6799999999999999
    ],
    [
      0.06,
      0.27,
      0.6699999999999999
    ],
    [
      0.06,
      0.28,
      0.6599999999999999
    ],
    [
      0.060000000000000005,
      0.29000000000000004,
      0.65
    ],
    [
      0.060000000000000005,
      0.30000000000000004,
      0.64
    ],
    [
      0.060000000000000005,
      0.31000000000000005,
      0.63
    ],
    [
      0.060000000000000005,
      0.32000000000000006,
      0.62
    ],
    [
      0.060000000000000005,
      0.33000000000000007,
      0.61
    ],
    [
      0.060000000000000005,
      0.3400000000000001,
      0.6
    ],
    [
      0.060000000000000005,
      0.3500000000000001,
      0.59
    ],
    [
      0.06,
      0.36,
      0.58
    ],
    [
      0.06,
      0.37,
      0.57
    ],
    [
      0.06,
      0.38,
      0.5599999999999999
    ],
    [
      0.06,
      0.39,
      0.5499999999999999
    ],
    [
      0.06,
      0.4,
      0.5399999999999999
    ],
    [
      0.06,
      0.41000000000000003,
      0.5299999999999999
    ],
    [
      0.06,
      0.42,
      0.52
    ],
    [
      0.06,
      0.43,
      0.51
    ],
    [
      0.06,
      0.44,
      0.49999999999999994
    ],
    [
      0.06,
      0.45,
      0.48999999999999994
    ],
    [
      0.06,
      0.46,
      0.4799999999999999
    ],
    [
      0.06,
      0.47000000000000003,
      0.4699999999999999
    ],
    [
      0.06,
      0.48,
      0.45999999999999996
    ],
    [
      0.06,
      0.49,
      0.44999999999999996
    ],
    [
      0.06,
      0.5,
      0.43999999999999995
    ],
    [
      0.06,
      0.51,
      0.42999999999999994
    ],
    [
      0.06,
      0.52,
      0.41999999999999993
    ],
    [
      0.06,
      0.53,
      0.4099999999999999
    ],
    [
      0.06,
      0.54,
      0.3999999999999999
    ],
    [
      0.06,
      0.55,
      0.3899999999999999
    ],
    [
      0.06,
      0.56,
      0.3799999999999999
    ],
    [
      0.06,
      0.5700000000000001,
      0.3699999999999999
    ],
    [
      0.060000000000000005,
      0.5800000000000001,
      0.36000000000000004
    ],
    [
      0.060000000000000005,
      0.5900000000000001,
      0.35000000000000003
    ],
    [
      0.060000000000000005,
      0.6000000000000001,
      0.34
    ],
    [
      0.060000000000000005,
      0.6100000000000001,
      0.33
    ],
    [
      0.060000000000000005,
      0.6200000000000001,
      0.32
    ],
    [
      0.060000000000000005,
      0.6300000000000001,
      0.31
    ],
    [
      0.060000000000000005,
      0.6400000000000001,
      0.3
    ],
    [
      0.060000000000000005,
      0.6500000000000001,
      0.29
    ],
    [
      0.060000000000000005,
      0.6600000000000001,
      0.27999999999999997
    ],
    [
      0.060000000000000005,
      0.6700000000000002,
      0.26999999999999996
    ],
    [
      0.060000000000000005,
      0.6800000000000002,
      0.25999999999999995
    ],
    [
      0.060000000000000005,
      0.6900000000000002,
      0.24999999999999992
    ],
    [
      0.060000000000000005,
      0.7000000000000002,
      0.2399999999999999
    ],
    [
      0.06,
      0.71,
      0.22999999999999998
    ],
    [
      0.06,
      0.72,
      0.21999999999999997
    ],
    [
      0.06,
      0.73,
      0.20999999999999996
    ],
    [
      0.06,
      0.74,
      0.19999999999999996
    ],
    [
      0.06,
